3
4
30
20
53
14
5
40
3
65
33
21
40
100000000
100000000
100000000
100000000
100000000
100000000
100000000
100000000
100000000
100000000
100000000
100000000
100000000
100000000
100000000
100000000
100000000
100000000
100000000
100000000
100000000
100000000
100000000
100000000
100000000
100000000
100000000
100000000
100000000
100000000
100000000
100000000
100000000
100000000
100000000
100000000
100000000
100000000
100000000
100000000
100000000
100000000
100000000
100000000
100000000
100000000
100000000
100000000
100000000
100000000
100000000
100000000
100000000
100000000
100000000
100000000
100000000
100000000
100000000
100000000
100000000
100000000